Gene	IID	a	b	c	reps	outlier
VCY	1	2.603773585	2.555878084	3.095791001	3	3.095791001
HSFY	1	1.882629108	2.267605634	2.286384977	3	1.882629108
BPY	1	2.769953052	3.323943662	3.136150235	3	2.769953052
CDY	1	3.647887324	3.112676056	3.610328638	3	3.112676056
RBMY	1	11.36150235	12.67605634	11.92488263	3	12.67605634
DAZ	1	3.93	3.66	3.8	3	3.66
XKRY	1	1.948356808	2.014084507	2.056338028	3	1.948356808
PRY	1	1.98	2.02	2.07	3	2.07
TSPY	1	35.58685446	34.36619718	35.63380282	3	34.36619718
HSFY	2	1.533856722	2.263984298	2.378802748	3	1.533856722
CDY	2	3.89	4.83	5.21	3	3.89
BPY	2	4.5	3.74	4.59	3	3.74
XKRY	2	2.05	1.87	2.02	3	1.87
TSPY	2	28.58684985	30.08832188	30.55937193	3	28.58684985
RBMY	2	9.71	9.28	9.38	3	9.71
DAZ	2	9.42	9.68	9.42	3	9.68
PRY	2	2.31	2.32	2.32	3	2.31
VCY	2	2.73196986	2.735199139	2.738428418	3	2.73196986
VCY	3	1.617128463	2.115869018	2.146095718	3	1.617128463
PRY	3	0.99	1.18	1.17	3	0.99
DAZ	3	1.95	2.3	2.16	3	1.95
CDY	3	2.78	2.7	2.87	3	2.87
XKRY	3	1.92	2.03	2.01	3	1.92
HSFY	3	2.03	1.98	2.09	3	2.09
RBMY	3	8.24	8.39	7.99	3	7.99
BPY	3	0.96	0.92	0.96	3	0.92
TSPY	3	24.56	24.82	25.13	3	25.13
CDY	4	3.3	4.994117647	4.782352941	3	3.3
VCY	4	2.00122399	2.221542228	2.203182375	3	2.00122399
PRY	4	2.35	2.39	2.2	3	2.2
DAZ	4	5.38	5.14	5.54	3	5.14
BPY	4	3.423529412	3.529411765	3.635294118	3	3.635294118
TSPY	4	24.82941176	24.6	25.92352941	3	25.92352941
HSFY	4	2.241176471	2.241176471	2.329411765	3	2.329411765
XKRY	4	2.135294118	2.117647059	2.047058824	3	2.047058824
RBMY	4	9.847058824	9.811764706	9.9	3	9.9
VCY	5	1.501896334	2.579013906	2.654867257	3	1.501896334
PRY	5	1.43	2.24	2.45	3	1.43
CDY	5	2.88	3.91	3.97	3	2.88
BPY	5	2.66	3.12	2.93	3	2.66
XKRY	5	1.88	1.95	2.06	3	2.06
TSPY	5	24.64	26.25	26.18	3	24.64
HSFY	5	2.07	2.18	2.16	3	2.07
RBMY	5	7.59	7.81	NA	2	NA
DAZ	5	4.17	4.17	4.12	3	4.12
VCY	6	2.200573066	1.512893983	2.269340974	3	1.512893983
HSFY	6	2.543810062	2.408140192	2.662521198	3	2.408140192
PRY	6	2.66	2.44	2.61	3	2.44
XKRY	6	2.78	2.92	3.04	3	2.78
TSPY	6	31.79762578	33.49349915	33.69700396	3	31.79762578
RBMY	6	NA	13.60090447	14.16054268	2	NA
BPY	6	3.78	3.97	3.93	3	3.78
CDY	6	5.75	5.53	5.66	3	5.53
DAZ	6	5.43	5.5	5.52	3	5.43
BPY	7	1.32	3.946188341	4.394618834	3	1.32
XKRY	7	1.123318386	2.35426009	2.376681614	3	1.123318386
HSFY	7	1.390134529	2.242152466	2.533632287	3	1.390134529
CDY	7	3.02690583	4.843049327	4.910313901	3	3.02690583
TSPY	7	37.63	31.62	NA	2	NA
RBMY	7	10.52031361	10.71275837	10.00712758	3	10.00712758
PRY	7	2.19	2.07	2.09	3	2.19
VCY	7	2.366003063	2.457886677	2.320061256	3	2.457886677
DAZ	7	4.36	4.32	4.25	3	4.25
CDY	8	4.556477345	4.173580089	4.881940013	3	4.173580089
PRY	8	2.17	2.08	2.39	3	2.39
BPY	8	3.52	3.312061264	3.197192087	3	3.52
HSFY	8	2.201659221	2.373962987	2.239948947	3	2.373962987
VCY	8	2.337662338	2.41187384	2.393320965	3	2.337662338
TSPY	8	35.37970645	35.51372049	36.279515	3	36.279515
RBMY	8	10.64454371	10.77855775	10.7019783	3	10.77855775
XKRY	8	2.201659221	2.220804084	2.201659221	3	2.220804084
DAZ	8	4.36	4.38	4.36	3	4.38
HSFY	9	1.387387387	2.216216216	2.387387387	3	1.387387387
CDY	9	3.027027027	3.063063063	3.738738739	3	3.738738739
XKRY	9	1.82	1.65	1.52	3	1.82
VCY	9	3.263694268	3.072611465	3.057324841	3	3.263694268
DAZ	9	4.17	4.47	4.32	3	4.17
PRY	9	2.18	2.27	2.29	3	2.18
RBMY	9	11.89189189	11.48648649	NA	2	NA
TSPY	9	28.16	27.27	28.56	3	27.27
BPY	9	2.78	2.78	2.69	3	2.69
HSFY	10	2.55	2.29	2.58	3	2.29
VCY	10	2.248908297	2.183406114	2.401746725	3	2.401746725
XKRY	10	2.11	2.25	2.31	3	2.11
CDY	10	4.45	4.45	4.67	3	4.67
BPY	10	3.61	3.74	3.7	3	3.61
DAZ	10	5.22	5.11	5.13	3	5.22
PRY	10	2.16	2.12	2.12	3	2.16
RBMY	10	12.3	12.52	12.48	3	12.3
TSPY	10	27.75	27.73	27.31	3	27.31
HSFY	11	1.719512195	1.990853659	2.009146341	3	1.719512195
BPY	11	2.5	2.76	2.7	3	2.5
CDY	11	3.597560976	3.841463415	3.780487805	3	3.597560976
PRY	11	2.1	2.01	1.99	3	2.1
RBMY	11	10.06097561	10.39634146	9.969512195	3	10.39634146
XKRY	11	1.92	1.85	1.9	3	1.85
DAZ	11	4.02	4.02	3.97	3	3.97
VCY	11	4.402332362	4.373177843	4.43148688	3	4.373177843
TSPY	11	28.35	28.41	28.63	3	28.63
PRY	12	2.96	2.87	2.51	3	2.51
BPY	12	4.108280255	4.729299363	4.347133758	3	4.729299363
DAZ	12	3.15	3.6	3.47	3	3.15
VCY	12	4.680851064	5.191489362	4.936170213	3	5.191489362
XKRY	12	1.027070064	1.113057325	1.036624204	3	1.113057325
HSFY	12	1.437898089	1.380573248	1.356687898	3	1.437898089
RBMY	12	17.00636943	16.43312102	16.33757962	3	17.00636943
TSPY	12	16.86305732	16.71974522	17.38853503	3	17.38853503
CDY	12	2.894904459	2.947452229	2.909235669	3	2.947452229
VCY	13	1.551724138	2.297160243	2.251521298	3	1.551724138
HSFY	13	1.86023622	2.081692913	1.934055118	3	2.081692913
BPY	13	3.06	3.43	3.22	3	3.43
PRY	13	1.84	1.8	1.95	3	1.95
XKRY	13	1.92	2.02	1.95	3	2.02
TSPY	13	34.92	34.49	35.79	3	35.79
CDY	13	4.104330709	4.089566929	3.971456693	3	3.971456693
RBMY	13	9.522637795	9.315944882	9.566929134	3	9.315944882
DAZ	13	3.89	3.83	3.79	3	3.89
HSFY	14	1.64427727	1.950564213	2.337452982	3	2.337452982
BPY	14	2.05	2.51	2.71	3	2.05
CDY	14	2.675980656	3.481998925	3.385276733	3	2.675980656
RBMY	14	10.01074691	11.70338528	12.49328318	3	10.01074691
TSPY	14	30.74	34.38	34.48	3	30.74
DAZ	14	4.33	4.3	4.55	3	4.55
VCY	14	2.883495146	2.745145631	2.850728155	3	2.745145631
XKRY	14	2	1.92	2	3	1.92
PRY	14	2.17	2.13	2.2	3	2.13
RBMY	15	8.25717322	9.404888417	9.787460149	3	8.25717322
PRY	15	2.42	2.12	2.16	3	2.42
CDY	15	3.602550478	4.017003188	3.953241233	3	3.602550478
VCY	15	2.507194245	2.708633094	2.482014388	3	2.708633094
XKRY	15	1.75	1.7	1.6	3	1.6
BPY	15	3.04	2.98	3.19	3	3.19
DAZ	15	4.21	3.99	4.21	3	3.99
HSFY	15	1.92879915	1.960680128	2.021253985	3	2.021253985
TSPY	15	24.07	23.88	23.78	3	24.07
VCY	16	1.934078212	2.805586592	3.187709497	3	1.934078212
PRY	16	1.97	2.42	2.48	3	1.97
TSPY	16	32.27	38.24	39.25	3	32.27
BPY	16	2.99	3.126315789	3.354385965	3	3.354385965
XKRY	16	2.249122807	2.277192982	2.045614035	3	2.045614035
RBMY	16	13.33333333	12.56140351	13.54385965	3	12.56140351
DAZ	16	3.99	3.85	4.02	3	3.85
CDY	16	4.245614035	4.280701754	4.421052632	3	4.421052632
HSFY	16	2.168421053	2.119298246	2.126315789	3	2.168421053
CDY	17	3.569405099	4.69121813	4.92917847	3	3.569405099
HSFY	17	2.107648725	2.379603399	2.362606232	3	2.107648725
BPY	17	3.08	3.382436261	3.484419263	3	3.08
XKRY	17	2.039660057	2.243626062	2.141643059	3	2.243626062
PRY	17	2.25	2.13	2.06	3	2.25
VCY	17	2.096680256	2.079207921	2.23645894	3	2.23645894
TSPY	17	32.54957507	32.95750708	33.6203966	3	33.6203966
RBMY	17	10.53824363	10.62322946	10.8101983	3	10.8101983
DAZ	17	5.28	5.31	5.21	3	5.21
PRY	18	1.76	2.58	2.8	3	1.76
DAZ	18	4.39	3.93	4.7	3	3.93
HSFY	18	1.9030837	2.107929515	2.101321586	3	1.9030837
RBMY	18	10.969163	11.16740088	11.62995595	3	11.62995595
CDY	18	3.98	3.925110132	4.129955947	3	4.129955947
XKRY	18	1.473568282	1.50660793	1.546255507	3	1.546255507
BPY	18	3.13	3.01	3.13	3	3.01
VCY	18	2.846808511	2.923404255	2.808510638	3	2.923404255
TSPY	18	24.5154185	25.30837004	25.17621145	3	24.5154185
HSFY	19	1.799065421	1.738317757	2.177570093	3	2.177570093
DAZ	19	3.49	4.09	4.09	3	3.49
XKRY	19	1.593457944	1.747663551	1.752336449	3	1.593457944
VCY	19	2.505154639	2.695139912	2.703976436	3	2.505154639
TSPY	19	25.23364486	27.10280374	27.05607477	3	25.23364486
CDY	19	3.672897196	3.635514019	3.859813084	3	3.859813084
RBMY	19	8.457943925	8.457943925	8.130841121	3	8.130841121
PRY	19	2.14	2.19	2.2	3	2.14
BPY	19	3.19	3.121495327	3.163551402	3	3.121495327
CDY	20	3.050847458	5.118644068	5.593220339	3	3.050847458
HSFY	20	1.671186441	2.772881356	2.555932203	3	1.671186441
XKRY	20	1.844067797	2.783050847	2.738983051	3	1.844067797
RBMY	20	10.91525424	14.16949153	14.6440678	3	10.91525424
TSPY	20	17.69491525	22.6440678	23.3220339	3	17.69491525
BPY	20	3.186440678	3.86440678	3.86440678	3	3.186440678
VCY	20	2.371428571	2.632653061	2.497959184	3	2.632653061
PRY	20	2.1	2.09	2.17	3	2.17
DAZ	20	4.12	4.04	4.04	3	4.12
BPY	21	3.477272727	3.076704545	4.3125	3	4.3125
DAZ	21	3.84	4.31	4.35	3	3.84
HSFY	21	1.346590909	1.244318182	1.414772727	3	1.244318182
PRY	21	2.26	2.52	2.37	3	2.52
VCY	21	2.911764706	2.752941176	2.647058824	3	2.911764706
CDY	21	4.423295455	4.244318182	4.303977273	3	4.423295455
TSPY	21	25.82386364	25.05681818	24.97159091	3	25.82386364
XKRY	21	1.6875	1.713068182	1.670454545	3	1.713068182
RBMY	21	12.35795455	12.10227273	12.1875	3	12.35795455
HSFY	22	1.42	2.29	2.53	3	1.42
RBMY	22	9.92	12.48	13.12	3	9.92
BPY	22	3.97	NA	4.72	2	NA
CDY	22	4.8	5.17	5.57	3	5.57
TSPY	22	26.75	28.48	29.15	3	26.75
DAZ	22	6.35	6.57	6.35	3	6.57
PRY	22	2.18	2.13	2.1	3	2.18
VCY	22	2.187845304	2.218232044	2.270718232	3	2.270718232
XKRY	22	1.79	1.83	1.81	3	1.83
CDY	23	2.31	4	4.11	3	2.31
VCY	23	1.498355263	2.368421053	2.5	3	1.498355263
HSFY	23	1.22	1.74	1.78	3	1.22
BPY	23	2.55	2.81	2.93	3	2.55
RBMY	23	4.6	5.02	5.24	3	4.6
TSPY	23	34.5	35.68	35.68	3	34.5
DAZ	23	4.41	4.575	4.54	3	4.41
XKRY	23	1.55	1.54	1.55	3	1.54
PRY	23	2.485	2.485	2.48	3	2.48
VCY	24	1.516766982	2.098022356	2.269991402	3	1.516766982
PRY	24	2.01	2.6	2.79	3	2.01
DAZ	24	4.16	5.42	5.57	3	4.16
RBMY	24	11.2694749	9.555683785	11.61569533	3	9.555683785
HSFY	24	2.596653203	2.648586267	2.82169648	3	2.82169648
CDY	24	5.297172533	5.366416619	4.950952106	3	4.950952106
TSPY	24	33.16791691	33.87766878	34.79515291	3	34.79515291
BPY	24	4.137334103	4.223889209	4.154645124	3	4.223889209
XKRY	24	2.336987882	2.354298904	2.336987882	3	2.354298904
CDY	25	2.961702128	3.965957447	4.05106383	3	2.961702128
HSFY	25	1.576151122	2.018890201	1.983471074	3	1.576151122
BPY	25	2.6	3.13459268	NA	2	NA
TSPY	25	24.51003542	27.68004723	27.83943329	3	24.51003542
XKRY	25	1.717827627	1.78866588	1.894923259	3	1.894923259
RBMY	25	9.021276596	9.276595745	9.889361702	3	9.889361702
VCY	25	2.028725314	2.118491921	2.154398564	3	2.028725314
DAZ	25	3.48	3.63	3.55	3	3.63
PRY	25	2.14	2.06	2.08	3	2.14
HSFY	26	2.235701906	2.589254766	2.490467938	3	2.235701906
VCY	26	2.096505824	2.371048253	2.221297837	3	2.371048253
BPY	26	4.11	4.62	4.45	3	4.11
PRY	26	2.15	2.01	1.99	3	2.15
RBMY	26	14.19410745	15.0779896	15.02599653	3	14.19410745
XKRY	26	2.506065858	2.506065858	2.370883882	3	2.370883882
CDY	26	4.54	4.393414211	4.440207972	3	4.54
TSPY	26	32.49566724	32.80762565	33.48353553	3	33.48353553
DAZ	26	4.12	4.19	4.22	3	4.12
CDY	27	4.569468268	3.519725557	4.507718696	3	3.519725557
VCY	27	2.442857143	3	3.142857143	3	2.442857143
PRY	27	2.36	2.08	2.04	3	2.36
BPY	27	3.13	3.59	3.4	3	3.13
DAZ	27	4.51	3.97	4.1	3	4.51
XKRY	27	2.09	1.86	1.94	3	2.09
HSFY	27	2.39516129	2.177419355	2.225806452	3	2.39516129
RBMY	27	18.02419355	19.71774194	19.11290323	3	18.02419355
TSPY	27	23	22.28	23.16	3	22.28
XKRY	28	1.81655481	1.92393736	1.805369128	3	1.92393736
CDY	28	4.835414302	5.141884222	4.869466515	3	5.141884222
PRY	28	2.72	2.56	2.64	3	2.72
HSFY	28	2.502837684	2.376844495	2.397275823	3	2.502837684
RBMY	28	12.7014756	13.07604994	12.66742338	3	13.07604994
TSPY	28	34.8	33.75	34.39	3	33.75
VCY	28	3.013215859	3.066079295	3.013215859	3	3.066079295
DAZ	28	5.47	NA	5.52	2	NA
BPY	28	3.54	3.51	3.51	3	3.54
RBMY	29	9.66	10.61	10.78	3	9.66
VCY	29	2.293532338	2.2039801	2.388059701	3	2.388059701
XKRY	29	1.68	1.74	NA	2	NA
BPY	29	NA	2.76	2.69	2	NA
CDY	29	3.61	3.7	NA	2	NA
DAZ	29	4.35	4.23	4.3	3	4.23
PRY	29	2.01	2	2.05	3	2.05
HSFY	29	1.67	NA	1.7	2	NA
TSPY	29	21.88	21.86	22.13	3	22.13
CDY	30	3.070362473	5.740938166	5.820895522	3	3.070362473
HSFY	30	2.126865672	2.638592751	2.878464819	3	2.126865672
DAZ	30	4.28	5.44	5.58	3	4.28
RBMY	30	9.786780384	10.82622601	10.82622601	3	9.786780384
XKRY	30	2.53	2.69	2.69	3	2.53
VCY	30	2.178362573	2.266081871	2.236842105	3	2.178362573
BPY	30	8.506616257	8.336483932	8.506616257	3	8.336483932
TSPY	30	35.47	34.85	35.61	3	34.85
PRY	30	2.34	2.35	2.35	3	2.34
HSFY	31	1.857324841	2.250955414	2.101910828	3	1.857324841
CDY	31	4.433121019	3.936305732	4.356687898	3	3.936305732
VCY	31	2.996178344	2.667515924	2.927388535	3	2.667515924
BPY	31	3.515923567	3.324840764	3.412738854	3	3.515923567
DAZ	31	4.36	NA	4.24	2	NA
XKRY	31	2.151592357	2.10955414	2.082802548	3	2.151592357
TSPY	31	21.97452229	21.32484076	21.82165605	3	21.32484076
PRY	31	2.56	2.53	2.55	3	2.53
RBMY	31	11.15923567	11.08280255	11.15923567	3	11.08280255
HSFY	32	1.602764423	2.163461538	2.055288462	3	1.602764423
RBMY	32	6.418269231	8.329326923	8.058894231	3	6.418269231
BPY	32	1.739783654	2.109375	2.091346154	3	1.739783654
TSPY	32	24.42908654	26.68269231	26.41225962	3	24.42908654
VCY	32	2.298994975	2.449748744	2.468592965	3	2.298994975
CDY	32	2.956730769	3.100961538	3.118990385	3	2.956730769
DAZ	32	2.3	2.2	2.32	3	2.2
XKRY	32	1.911057692	1.838942308	1.875	3	1.911057692
PRY	32	2.17	2.24	2.24	3	2.17
DAZ	33	0.75	2.32	2.55	3	0.75
PRY	33	1.81	2.32	2.28	3	1.81
BPY	33	0.94	1.020596591	1.103693182	3	1.103693182
CDY	33	3.259943182	2.855113636	3.217329545	3	2.855113636
HSFY	33	1.853693182	1.960227273	2.045454545	3	1.853693182
XKRY	33	1.875	1.853693182	1.736505682	3	1.736505682
RBMY	33	7.585227273	7.947443182	NA	2	NA
VCY	33	2.34375	2.4375	2.484375	3	2.34375
TSPY	33	28.78551136	29.38210227	29.61647727	3	28.78551136
CDY	34	3.083916084	4.083916084	4.258741259	3	3.083916084
DAZ	34	3.85	4.22	4.6	3	4.6
PRY	34	2.24	2.23	1.95	3	1.95
HSFY	34	1.811188811	1.951048951	2.013986014	3	1.811188811
RBMY	34	10	9.58041958	10.55944056	3	10.55944056
XKRY	34	1.85	1.69	1.8	3	1.69
VCY	34	2.352517986	2.54676259	2.431654676	3	2.54676259
TSPY	34	29.3	28.95	30.49	3	30.49
BPY	34	2.99	2.98	3.1	3	3.1
XKRY	35	1.77	2.21	2.24	3	1.77
VCY	35	2.120049505	2.487623762	2.428217822	3	2.120049505
CDY	35	4.07	3.66	3.62	3	4.07
TSPY	35	29.51	27.14	28.79	3	27.14
PRY	35	1.96	1.81	1.86	3	1.96
DAZ	35	3.71	NA	3.9	2	NA
RBMY	35	10.33	10.89	10.78	3	10.33
HSFY	35	2	2.05	1.95	3	1.95
BPY	35	3.625187406	3.607196402	3.71964018	3	3.71964018
VCY	36	2.07	2.15	2.01	3	2.15
HSFY	36	2.21	2.08	2.18	3	2.08
DAZ	36	3.48	3.67	3.67	3	3.48
XKRY	36	2.3	2.2	2.19	3	2.3
PRY	36	1.96	1.96	1.87	3	1.87
CDY	36	4.3	4.08	4.2	3	4.08
TSPY	36	29.32	28.63	29.41	3	28.63
RBMY	36	10.01	10.13	10.23	3	10.01
BPY	36	3.37	3.39	3.39	3	3.37
VCY	37	1.708367181	1.847278635	1.681559708	3	1.847278635
DAZ	37	3.34	3.1	3.34	3	3.1
HSFY	37	2.187372709	2.288187373	2.343177189	3	2.187372709
PRY	37	1.54	1.58	1.61	3	1.54
XKRY	37	2.144602851	2.202647658	NA	2	NA
CDY	37	4.49	4.399185336	NA	2	NA
BPY	37	2.78	2.81	2.84	3	2.78
TSPY	37	31.7413442	32.23014257	32.29124236	3	31.7413442
RBMY	37	10.57026477	10.44806517	10.38696538	3	10.57026477
CDY	38	4.112149533	3.481308411	4.252336449	3	3.481308411
HSFY	38	1.560747664	1.738317757	1.675233645	3	1.560747664
XKRY	38	1.873831776	2.079439252	2	3	1.873831776
PRY	38	2.11	2.23	2.02	3	2.23
RBMY	38	13.36448598	14.57943925	14.46261682	3	13.36448598
BPY	38	2.97	2.85046729	3.130841121	3	3.130841121
TSPY	38	23.06074766	22.19626168	24.22897196	3	24.22897196
VCY	38	2.365771812	2.516778523	2.466442953	3	2.365771812
DAZ	38	4.1	4.13	4.2	3	4.2
XKRY	39	2.4	2.19	2.1	3	2.4
PRY	39	2.4	2.14	2.19	3	2.4
HSFY	39	2.13	2.28	2.37	3	2.13
CDY	39	4.58	4.95	4.91	3	4.58
DAZ	39	4.69	4.61	4.96	3	4.96
BPY	39	3.7	3.52	3.55	3	3.7
TSPY	39	39	39.99	40.56	3	39
RBMY	39	10.72	10.68	10.89	3	10.89
VCY	39	2.720472441	NA	2.736220472	2	NA
CDY	40	2.152650823	3.139853748	2.947897623	3	2.152650823
RBMY	40	7.554844607	8.542047532	8.84369287	3	7.554844607
PRY	40	2.04	2.15	2.23	3	2.04
DAZ	40	4	4.05	4.17	3	4.17
HSFY	40	1.782449726	1.823583181	1.851005484	3	1.782449726
TSPY	40	33.48	32.36	33.24	3	32.36
BPY	40	2.69	2.65	2.65	3	2.69
XKRY	40	1.76	1.78	1.78	3	1.76
VCY	40	2.32096184	2.336644015	2.32096184	3	2.336644015
BPY	41	2.56	3.56	3.41	3	2.56
HSFY	41	2.337662338	2.103896104	1.882305195	3	2.337662338
CDY	41	3.993506494	4.310064935	4.577922078	3	3.993506494
RBMY	41	12.61363636	13.49025974	13.90422078	3	12.61363636
TSPY	41	28.17	28.66	26.86	3	26.86
XKRY	41	2.14	2.23	2.1	3	2.23
VCY	41	1.841030195	1.912966252	1.859680284	3	1.912966252
DAZ	41	4.85	4.93	4.82	3	4.93
PRY	41	2.26	2.26	2.28	3	2.28
HSFY	42	0.989730424	1.835686778	1.912708601	3	0.989730424
BPY	42	1.39	1.694480103	1.951219512	3	1.39
CDY	42	2.503209243	3.350449294	3.376123235	3	2.503209243
RBMY	42	6.893453145	7.766367137	8.241335045	3	6.893453145
VCY	42	2.066805846	2.051148225	1.957202505	3	1.957202505
PRY	42	1.94	2.02	2.05	3	1.94
TSPY	42	25.53273427	26.23876765	26.31578947	3	25.53273427
DAZ	42	4.81	4.76	4.87	3	4.87
XKRY	42	1.540436457	1.527599487	1.527599487	3	1.540436457
PRY	43	1.36	1.96	1.8	3	1.36
CDY	43	2.637362637	3.069344449	3.262599469	3	2.637362637
VCY	43	1.888235294	2.144117647	2.294117647	3	1.888235294
BPY	43	2.21	1.98938992	2.353164077	3	1.98938992
RBMY	43	6.513830997	7.548313755	7.411898446	3	6.513830997
TSPY	43	27.37400531	29.78400909	28.98825313	3	27.37400531
HSFY	43	1.398256915	1.386888973	1.477832512	3	1.477832512
XKRY	43	1.51193634	1.568776052	1.614247821	3	1.51193634
DAZ	43	2.46	2.58	2.55	3	2.46
HSFY	44	2.268292683	2.067073171	2.323170732	3	2.067073171
DAZ	44	3.9	4.25	4.31	3	3.9
XKRY	44	1.73	1.85	1.74	3	1.85
RBMY	44	9.713414634	9.420731707	9.256097561	3	9.713414634
BPY	44	3.49	3.55	3.64	3	3.64
VCY	44	2.333751568	2.314930991	2.277289837	3	2.277289837
PRY	44	2.03	2.07	2.06	3	2.03
CDY	44	4.207317073	4.280487805	4.280487805	3	4.207317073
TSPY	44	37.61	37.79	37.94	3	37.61
CDY	45	4.135135135	5.402948403	5.012285012	3	4.135135135
VCY	45	2.291566265	2.840963855	2.906024096	3	2.291566265
HSFY	45	2.65	2.27	2.46	3	2.65
XKRY	45	1.901719902	1.857493857	2.115479115	3	2.115479115
BPY	45	6.036855037	6.412776413	6.633906634	3	6.036855037
PRY	45	2.15	2.18	2.33	3	2.33
RBMY	45	9.877149877	9.582309582	9.877149877	3	9.582309582
TSPY	45	35.49	35.37	36.34	3	36.34
DAZ	45	8.46	8.46	8.31	3	8.31
PRY	46	0.76	2.33	2.99	3	0.76
VCY	46	0.896853147	2.648601399	2.727272727	3	0.896853147
DAZ	46	2.35	5.59	5.53	3	2.35
CDY	46	2.865497076	5.292397661	5.730994152	3	2.865497076
HSFY	46	1.833333333	2.461988304	2.538011696	3	1.833333333
BPY	46	3.304093567	3.684210526	4.035087719	3	3.304093567
RBMY	46	6.286549708	6.959064327	7.222222222	3	6.286549708
XKRY	46	2.350877193	2.149122807	2.096491228	3	2.350877193
TSPY	46	35.81871345	36.69590643	37.54385965	3	35.81871345
HSFY	47	1.178761062	2.346902655	2.585840708	3	1.178761062
CDY	47	3.228318584	4.072566372	4.25840708	3	3.228318584
RBMY	47	9.504424779	11.78761062	11.78761062	3	9.504424779
VCY	47	3.185741088	2.954971857	3.360225141	3	2.954971857
XKRY	47	1.863716814	1.932743363	2.092035398	3	2.092035398
PRY	47	2.31	2.14	2.1	3	2.31
BPY	47	3.361061947	3.520353982	3.6	3	3.361061947
TSPY	47	31.69911504	33.50442478	33.45132743	3	31.69911504
DAZ	47	4.32	4.44	4.33	3	4.44
CDY	48	2.126825793	3.195582472	3.281083007	3	2.126825793
BPY	48	1.85	2.28	2.32	3	1.85
HSFY	48	1.977199857	2.158888493	2.116138226	3	1.977199857
VCY	48	2.070402964	2.18156554	2.014821677	3	2.18156554
RBMY	48	9.180619879	9.640185251	9.148557178	3	9.640185251
XKRY	48	2.06	2.01	1.95	3	1.95
PRY	48	2.74	2.83	2.77	3	2.83
DAZ	48	2.74	2.78	2.81	3	2.74
TSPY	48	32.28	32.17	32.28	3	32.17
TSPY	49	28.34355828	31.35913167	32.08117036	3	28.34355828
XKRY	49	2.05285512	1.982067013	1.812175555	3	1.812175555
VCY	49	2.262535671	2.042397065	2.274765593	3	2.042397065
HSFY	49	2.279377065	2.350165172	2.123643228	3	2.123643228
PRY	49	2.08	1.91	1.94	3	2.08
DAZ	49	3.96	4.01	3.86	3	3.86
BPY	49	3.185464842	3.213780085	3.284568193	3	3.284568193
CDY	49	4.233128834	4.346389807	4.332232185	3	4.233128834
RBMY	49	7.489381784	7.503539405	7.390278433	3	7.390278433
BPY	50	4.1	5.71	5.8	3	4.1
CDY	50	4.25	5.89	5.86	3	4.25
HSFY	50	1.77	2.12	2.27	3	1.77
RBMY	50	12.69	15.64	15.62	3	12.69
PRY	50	2.05	2.24	2.26	3	2.05
TSPY	50	33.28	36.47	35.98	3	33.28
DAZ	50	6.5	6.05	6.33	3	6.05
VCY	50	2.266386555	2.394957983	2.344537815	3	2.266386555
XKRY	50	2.31	2.32	2.25	3	2.25
VCY	51	1.808690404	2.969221485	2.987326494	3	1.808690404
BPY	51	3.15	3.47	3.05	3	3.47
HSFY	51	1.99	2.18	2.12	3	1.99
DAZ	51	3.78	3.73	3.96	3	3.96
PRY	51	2.08	2.21	2.14	3	2.21
RBMY	51	13.71	14.44	13.96	3	14.44
XKRY	51	2.04	1.99	2.04	3	1.99
CDY	51	3.79	3.81	3.88	3	3.88
TSPY	51	31.75	32.07	32.29	3	31.75
VCY	52	1.853413655	2.449799197	2.530120482	3	1.853413655
HSFY	52	1.77	2.05	2.29	3	1.77
RBMY	52	10.57	9.7	12.38	3	12.38
BPY	52	2.81	3.18	3.15	3	2.81
CDY	52	3.54	3.83	3.95	3	3.54
PRY	52	2.05	2.09	2.19	3	2.19
TSPY	52	38.45744681	37.18085106	35.94414894	3	38.45744681
XKRY	52	2.03	2.05	1.94	3	1.94
DAZ	52	4.12	4.16	4.1	3	4.16
DAZ	53	4.16	3.85	4.05	3	3.85
HSFY	53	1.918433931	2.067699837	2.030995106	3	1.918433931
VCY	53	2.287435456	2.246127367	2.168674699	3	2.168674699
CDY	53	3.694942904	3.841761827	3.841761827	3	3.694942904
XKRY	53	1.95269168	1.938009788	1.886623165	3	1.886623165
BPY	53	3.11	3.034257749	3.034257749	3	3.11
TSPY	53	24.56769984	25.13050571	24.5187602	3	25.13050571
RBMY	53	7.463295269	7.585644372	7.610114192	3	7.463295269
PRY	53	2.04	2.03	2.05	3	2.03
VCY	54	2.107072692	2.151277014	1.959724951	3	1.959724951
HSFY	54	2.12	2.32	2.23	3	2.12
XKRY	54	2	1.96	2.1	3	2.1
CDY	54	4.66	4.77	4.99	3	4.99
RBMY	54	14.3	15.13	14.98	3	14.3
BPY	54	3.22	3.22	3.37	3	3.37
PRY	54	2.12	2.08	2.18	3	2.18
DAZ	54	5.07	5.1	5.23	3	5.23
TSPY	54	29.82	30.22	30.18	3	29.82
PRY	55	2.14	2.22	2.41	3	2.41
VCY	55	2.799331104	2.852842809	3.023411371	3	3.023411371
BPY	55	2.955801105	2.762430939	2.845303867	3	2.955801105
HSFY	55	2.024861878	1.900552486	1.94198895	3	2.024861878
TSPY	55	23.42541436	23.45303867	24.47513812	3	24.47513812
RBMY	55	14.44751381	14.97237569	15.02762431	3	14.44751381
XKRY	55	1.76519337	1.820441989	1.776243094	3	1.820441989
CDY	55	3.480662983	3.563535912	3.591160221	3	3.480662983
DAZ	55	4.38	4.45	4.35	3	4.45
HSFY	56	1.859813084	2.626168224	2.866043614	3	1.859813084
DAZ	56	4.12	5.67	5.57	3	4.12
RBMY	56	8.722741433	11.33956386	11.37071651	3	8.722741433
XKRY	56	2.803738318	3.021806854	2.69470405	3	3.021806854
VCY	56	2.436516264	2.534102833	2.587618048	3	2.436516264
PRY	56	2.45	2.4	2.52	3	2.52
BPY	56	3.49	3.426791277	3.582554517	3	3.582554517
CDY	56	4.187956204	4.215328467	4.297445255	3	4.297445255
TSPY	56	36.07476636	36.72897196	36.44859813	3	36.07476636
VCY	57	1.846918489	2.107355865	2.147117296	3	1.846918489
PRY	57	1.78	1.85	2.04	3	2.04
DAZ	57	3.74	3.54	4	3	4
CDY	57	3.88	4.11	4.21	3	3.88
HSFY	57	2.03	2.15	2.19	3	2.03
RBMY	57	8.01	8.51	8.51	3	8.01
XKRY	57	1.93	2.06	2.01	3	1.93
BPY	57	3.23	3.31	3.17	3	3.31
TSPY	57	27.98	28.03	28.47	3	28.47
HSFY	58	2.118987342	2.308860759	2.179746835	3	2.308860759
XKRY	58	2.02	1.88	1.97	3	1.88
BPY	58	2.46	2.55	2.6	3	2.46
PRY	58	2.28	2.39	2.29	3	2.39
DAZ	58	4.67	NA	4.51	2	NA
RBMY	58	11.65822785	11.88607595	12.15189873	3	12.15189873
CDY	58	3.68	3.8	3.76	3	3.68
VCY	58	2.838926174	2.915436242	2.895302013	3	2.838926174
TSPY	58	26.01265823	26.12658228	25.93670886	3	26.12658228
RBMY	59	8.542234332	11.26021798	11.15803815	3	8.542234332
HSFY	59	2.493188011	2.370572207	2.288828338	3	2.493188011
CDY	59	4.516348774	4.761580381	4.638964578	3	4.516348774
VCY	59	2.120467117	2.065150584	2.157344806	3	2.065150584
PRY	59	2.27	2.19	2.27	3	2.19
DAZ	59	3.89	4.04	3.98	3	3.89
BPY	59	3.64	3.72	3.68	3	3.72
TSPY	59	34.39	34.58	34.99	3	34.99
XKRY	59	2.33	2.33	2.33	3	NA
HSFY	60	1.556473829	2.107438017	2.630853994	3	1.556473829
CDY	60	3.044077135	4.35261708	4.35261708	3	3.044077135
BPY	60	2.66	3.305785124	3.278236915	3	2.66
RBMY	60	8.002754821	9.14600551	8.842975207	3	8.002754821
VCY	60	1.652386781	1.799265606	1.7625459	3	1.652386781
PRY	60	1.88	1.88	1.98	3	1.98
XKRY	60	NA	2.038567493	2.066115702	2	NA
DAZ	60	4.33	4.3	4.38	3	4.38
TSPY	60	37.46556474	37.74104683	37.87878788	3	37.46556474
HSFY	61	1.763795771	1.903042806	1.980402269	3	1.763795771
RBMY	61	7.287261475	8.060856111	7.735946364	3	7.287261475
DAZ	61	5.69	6.14	6.25	3	5.69
TSPY	61	31.11397628	31.2686952	33.09437855	3	33.09437855
VCY	61	1.80072904	1.79708384	1.868165249	3	1.868165249
CDY	61	3.852501289	3.867973182	4.007220217	3	4.007220217
PRY	61	2.5	2.59	2.57	3	2.5
BPY	61	4.02	3.960804538	3.91438886	3	4.02
XKRY	61	1.825683342	1.841155235	1.87209902	3	1.87209902
HSFY	62	1.681068342	1.712490181	2.388059701	3	2.388059701
CDY	62	2.953652789	3.676355067	3.880597015	3	2.953652789
TSPY	62	25.16889238	30.40062844	31.37470542	3	25.16889238
VCY	62	1.891891892	2.22972973	2.263513514	3	1.891891892
BPY	62	2.843676355	3.252160251	3.26787117	3	2.843676355
PRY	62	2.01	1.81	2.06	3	1.81
XKRY	62	1.712490181	1.869599372	1.948153967	3	1.712490181
DAZ	62	4.26	4.24	4.12	3	4.12
RBMY	62	9.46	9.57	9.4	3	9.57
HSFY	63	1.825044405	3.023978686	3.063943162	3	1.825044405
RBMY	63	8.246003552	11.01687389	11.19005329	3	8.246003552
CDY	63	3.809946714	4.769094139	4.835701599	3	3.809946714
TSPY	63	33.36	39.17	39.96	3	33.36
PRY	63	2.45	2.43	2.34	3	2.34
DAZ	63	5.67	5.41	5.56	3	5.41
VCY	63	2.224094356	2.299915754	2.312552654	3	2.224094356
BPY	63	3.46	3.6	3.53	3	3.6
XKRY	63	2.44	2.48	2.46	3	2.48
HSFY	64	0.7694974	2.651646447	2.833622184	3	0.7694974
TSPY	64	19.83535529	34.21143847	37.09705373	3	19.83535529
RBMY	64	7.019064125	11.20450607	12.9202773	3	7.019064125
CDY	64	2.833622184	4.601386482	4.627383016	3	2.833622184
BPY	64	3.46	3.067590988	3.509532062	3	3.067590988
XKRY	64	1.936741768	2.079722704	2.027729636	3	1.936741768
DAZ	64	4.71	4.98	5.03	3	4.71
PRY	64	2.39	2.3	2.4	3	2.3
VCY	64	2.717488789	2.771300448	2.717488789	3	2.771300448
DAZ	65	4.16	NA	4.48	2	NA
HSFY	65	2.54247392	2.587183308	2.771982116	3	2.771982116
XKRY	65	2.241818182	2.312727273	2.16	3	2.16
VCY	65	2.720779221	2.863636364	2.837662338	3	2.720779221
PRY	65	2.14	2.09	2.05	3	2.14
BPY	65	3.35	3.4	3.27	3	3.27
TSPY	65	34.25454545	33.81818182	34.36363636	3	33.81818182
CDY	65	4.63	4.674545455	4.68	3	4.63
RBMY	65	11.94545455	12.05454545	12	3	12.05454545
VCY	66	2.204081633	2.475765306	2.357142857	3	2.204081633
CDY	66	3.24	3.57	3.51	3	3.24
PRY	66	2.32	2.12	2.15	3	2.32
XKRY	66	1.69	1.63	1.55	3	1.55
HSFY	66	1.84	1.74	1.89	3	1.74
BPY	66	2.61	2.8	2.78	3	2.61
TSPY	66	29.05	30	29.88	3	29.05
RBMY	66	7.68	7.83	7.59	3	7.83
DAZ	66	4.78	4.78	4.78	3	NA
RBMY	67	3.73	12.29	13.04	3	3.73
HSFY	67	1.09	2.66	3.11	3	1.09
CDY	67	2.89	4.97	5.22	3	2.89
BPY	67	2.41	3.76	3.74	3	2.41
TSPY	67	36.94877506	40.155902	40.155902	3	36.94877506
DAZ	67	4.41	4.1	4.48	3	4.1
XKRY	67	2.18	2.1	2.23	3	2.1
PRY	67	2.12	2.08	2.04	3	2.12
VCY	67	2.065955383	2.022308438	2.007759457	3	2.065955383
CDY	68	3.668571429	4.422857143	4.182857143	3	3.668571429
HSFY	68	1.8	2.122285714	2.132571429	3	1.8
RBMY	68	9.84	10.69714286	11.24571429	3	9.84
XKRY	68	1.961142857	2.053714286	2.139428571	3	1.961142857
PRY	68	2.42	2.28	2.43	3	2.28
DAZ	68	4.71	4.41	4.47	3	4.71
TSPY	68	28.66285714	29.82857143	29.55428571	3	28.66285714
VCY	68	2.277722278	2.364635365	2.31968032	3	2.364635365
BPY	68	3.394285714	3.325714286	3.291428571	3	3.394285714
DAZ	69	1.89	1.88	1.73	3	1.73
BPY	69	1.02	1.09	1.1	3	1.02
VCY	69	1.907168038	1.910693302	2.034077556	3	2.034077556
PRY	69	1.91	1.94	2.04	3	2.04
HSFY	69	1.975945017	1.993127148	2.099656357	3	2.099656357
RBMY	69	10.79037801	10.89347079	10.4467354	3	10.4467354
XKRY	69	NA	1.94	1.9	2	NA
TSPY	69	31.65	31.44	31	3	31
CDY	69	2.74914089	NA	NA	1	NA
VCY	70	2.090517241	3.254310345	3.211206897	3	2.090517241
PRY	70	2.11	2.67	2.82	3	2.11
HSFY	70	2.11	2.06	2.3	3	2.3
DAZ	70	8.36	8.92	8.97	3	8.36
BPY	70	5.77	5.52	5.94	3	5.52
CDY	70	5.71	6.07	5.89	3	6.07
XKRY	70	2.28	2.22	2.23	3	2.28
RBMY	70	11.41	11.16	11.46	3	11.16
TSPY	70	35.2	34.81	34.58	3	35.2
RBMY	71	11.1978822	14.09662475	11.47584381	3	14.09662475
BPY	71	4.447385837	3.951025811	4.904037062	3	3.951025811
HSFY	71	2.660489742	3.156849768	3.077432164	3	2.660489742
XKRY	71	3.057577763	2.918596956	2.700198544	3	2.700198544
TSPY	71	40.64195897	37.86234282	41.07875579	3	37.86234282
CDY	71	4.46	4.78	4.68	3	4.46
PRY	71	2.49	2.57	2.48	3	2.57
DAZ	71	4.9	4.95	5.08	3	5.08
VCY	71	1.932921447	1.972639011	1.906443071	3	1.972639011
DAZ	72	2.69	3.06	3.23	3	2.69
CDY	72	3.775280899	3.179775281	3.528089888	3	3.179775281
PRY	72	1.58	1.64	1.55	3	1.64
BPY	72	2.95505618	2.797752809	2.876404494	3	2.95505618
RBMY	72	8.943820225	9.404494382	9.213483146	3	8.943820225
TSPY	72	31.79775281	30.4494382	31.46067416	3	30.4494382
XKRY	72	1.943820225	1.898876404	1.95505618	3	1.898876404
VCY	72	1.692982456	1.675438596	1.649122807	3	1.649122807
HSFY	72	1.943820225	1.97752809	1.93258427	3	1.97752809
XKRY	73	2.183156173	2.035977105	1.962387572	3	2.183156173
DAZ	73	4.37	4.21	4.12	3	4.37
HSFY	73	1.999182339	2.097301717	2.109566639	3	1.999182339
BPY	73	2.74	2.661488144	2.820932134	3	2.820932134
RBMY	73	14.52166803	13.98201145	13.88389207	3	14.52166803
TSPY	73	35.69092396	35.20032706	36.67211774	3	36.67211774
PRY	73	2.28	2.37	2.32	3	2.37
VCY	73	1.543859649	1.578947368	1.543859649	3	1.578947368
CDY	73	4.255928046	4.255928046	4.268192968	3	4.268192968
RBMY	74	12.34461054	15.20062943	15.55468135	3	12.34461054
HSFY	74	1.867033832	2.235247836	2.275373721	3	1.867033832
DAZ	74	4.49	4.12	4.71	3	4.12
TSPY	74	28.43	30.47	32.47	3	28.43
CDY	74	4.602675059	4.980330448	5.145554681	3	4.602675059
VCY	74	1.502664298	1.60035524	1.504440497	3	1.60035524
PRY	74	2.26	2.24	2.34	3	2.34
BPY	74	3.823760818	3.965381589	3.823760818	3	3.965381589
XKRY	74	2.129390244	2.093552321	2.139606609	3	2.093552321
XKRY	75	2.015	2.015	1.805	3	1.805
HSFY	75	2.033086611	2.181113566	2.195768891	3	2.033086611
PRY	75	2.31	2.31	2.44	3	2.44
DAZ	75	3.945	4.11	4.085	3	3.945
CDY	75	4.882112241	5.020368979	4.865713655	3	5.020368979
VCY	75	2.166415664	2.21968335	2.161026527	3	2.21968335
TSPY	75	31.03	30.17	30.825	3	30.17
RBMY	75	9.098420239	9.170048608	9.01585285	3	9.01585285
BPY	75	3.495	3.48	3.535	3	3.535
HSFY	76	1.521912351	2.123505976	2.346613546	3	1.521912351
PRY	76	1.76	1.88	2.07	3	2.07
VCY	76	2.346570397	2.57400722	2.761732852	3	2.346570397
BPY	76	2.673306773	2.940239044	3.103585657	3	2.673306773
DAZ	76	3.9	4.12	4.3	3	3.9
CDY	76	3.61752988	3.944223108	3.780876494	3	3.944223108
TSPY	76	29.6812749	28.60557769	30.9561753	3	30.9561753
RBMY	76	10.67729084	10.83665339	11.07569721	3	11.07569721
XKRY	76	1.836653386	1.896414343	1.892430279	3	1.836653386
PRY	77	1.21	1.34	1.36	3	1.21
HSFY	77	1.806413302	1.660332542	1.802850356	3	1.660332542
XKRY	77	1.94	1.81	1.93	3	1.81
TSPY	77	27.11401425	28.46793349	27.71971496	3	28.46793349
DAZ	77	2.68	2.61	2.71	3	2.61
BPY	77	3.14	3.19	3.07	3	3.07
CDY	77	4.03	3.95	3.92	3	4.03
RBMY	77	11.33016627	11.18764846	11.47268409	3	11.47268409
VCY	77	1.549430797	1.544038346	1.560215698	3	1.560215698
HSFY	78	1.18	1.63	1.6	3	1.18
CDY	78	2.88	3.24	3.26	3	2.88
XKRY	78	1.45	1.5	1.33	3	1.33
TSPY	78	31.14	31.46	33.49	3	33.49
RBMY	78	7.5	7.86	8.09	3	7.5
PRY	78	2.4	2.55	2.5	3	2.4
BPY	78	2.45	2.53	2.58	3	2.45
VCY	78	2.071692145	2.071692145	2.024248814	3	2.024248814
DAZ	78	4.46	4.57	4.51	3	4.57
CDY	79	3.411264612	5.164718385	5.419766206	3	3.411264612
RBMY	79	8.894792774	14.05951116	13.51753454	3	8.894792774
HSFY	79	1.492029756	2.053134963	2.155154091	3	1.492029756
BPY	79	2.933049947	3.44314559	3.761955367	3	2.933049947
XKRY	79	2.091392136	2.11370882	2.352816153	3	2.352816153
TSPY	79	31.59404888	33.21997875	34.62274176	3	31.59404888
PRY	79	2.33	2.28	2.42	3	2.42
VCY	79	2.28702011	2.426873857	2.363802559	3	2.28702011
DAZ	79	4.11	4.36	4.25	3	4.11
HSFY	80	1.696070569	1.912590217	2.056936648	3	1.696070569
RBMY	80	8.732959102	9.59903769	9.839615076	3	8.732959102
XKRY	80	1.696070569	1.744186047	1.876503609	3	1.876503609
DAZ	80	4.92	4.75	5.13	3	5.13
VCY	80	2.273425499	2.334869432	2.196620584	3	2.196620584
TSPY	80	29.18203689	28.26784282	28.70088212	3	29.18203689
BPY	80	3.27	3.223736969	3.175621492	3	3.175621492
CDY	80	3.404170008	3.3680834	3.440256616	3	3.440256616
PRY	80	2.26	2.27	2.24	3	2.24
TSPY	81	14.66	28.28	29.74	3	14.66
BPY	81	1.75	2.76	3.3	3	1.75
CDY	81	2.400568182	3.238636364	3.835227273	3	2.400568182
HSFY	81	1.590909091	2.088068182	2.386363636	3	1.590909091
RBMY	81	9.289772727	11.78977273	13.72159091	3	9.289772727
XKRY	81	1.82	2.09	2	3	1.82
VCY	81	2.217573222	2.036262204	2.329149233	3	2.036262204
PRY	81	1.74	1.85	1.83	3	1.74
DAZ	81	3.63	3.71	3.53	3	3.53
PRY	82	1.7	1.94	2.48	3	2.48
HSFY	82	1.447731755	1.893491124	1.960552268	3	1.447731755
XKRY	82	1.684418146	2.01183432	1.696252465	3	2.01183432
BPY	82	2.244575937	2.406311637	2.418145957	3	2.244575937
VCY	82	2.706896552	2.827586207	2.927586207	3	2.706896552
DAZ	82	3.97	4.17	4.24	3	3.97
CDY	82	2.879684418	3.045364892	3.001972387	3	2.879684418
TSPY	82	22.91913215	22.44575937	22.05128205	3	22.91913215
RBMY	82	12.93	12.53	12.59	3	12.93
HSFY	83	1.887892377	2.103139013	2.174887892	3	1.887892377
VCY	83	2.221480987	2.341561041	2.481654436	3	2.481654436
BPY	83	2.62	2.466367713	2.69058296	3	2.466367713
CDY	83	3.3632287	3.609865471	3.609865471	3	3.3632287
RBMY	83	8.99103139	9.439461883	9.304932735	3	8.99103139
DAZ	83	3.14	3.18	3.28	3	3.28
TSPY	83	30.60538117	31.18834081	30.06726457	3	31.18834081
XKRY	83	2.112107623	2.085201794	2.042600897	3	2.042600897
PRY	83	1.65	1.69	1.69	3	1.65
CDY	84	4.372469636	3.497975709	4.165991903	3	3.497975709
DAZ	84	3.52	3.08	2.885	3	3.52
BPY	84	3.813765182	3.24291498	3.83805668	3	3.24291498
RBMY	84	12.99595142	15.5465587	14.69635628	3	12.99595142
TSPY	84	15.18218623	17.12550607	17.12550607	3	15.18218623
HSFY	84	2.137651822	2.101214575	1.882591093	3	1.882591093
XKRY	84	1.700404858	1.578947368	1.736842105	3	1.578947368
PRY	84	1.905	1.9	2.065	3	2.065
VCY	84	3.900826446	3.917355372	3.876033058	3	3.876033058
VCY	85	2.065974796	2.802075612	2.979985174	3	2.065974796
PRY	85	1.68	2.07	2.02	3	1.68
CDY	85	2.86	2.64	3.03	3	2.64
HSFY	85	1.94	1.95	2.18	3	2.18
BPY	85	1.89	2.1	2.03	3	1.89
RBMY	85	9.33	9.83	10.02	3	9.33
DAZ	85	4.05	4.14	4.05	3	4.14
XKRY	85	1.86	1.9	1.9	3	1.86
TSPY	85	18.53	18.51	18.83	3	18.83
CDY	86	2.528028933	3.450271248	3.613019892	3	2.528028933
HSFY	86	1.773960217	1.540687161	1.535262206	3	1.773960217
XKRY	86	2.110307414	2.045207957	1.904159132	3	1.904159132
PRY	86	1.86	1.91	2.03	3	2.03
RBMY	86	7.377938517	7.811934901	7.974683544	3	7.377938517
DAZ	86	3.83	4.08	4.12	3	3.83
VCY	86	2.275280899	2.331460674	2.342696629	3	2.275280899
BPY	86	2.51	2.528028933	2.549728752	3	2.549728752
TSPY	86	15.89511754	15.94936709	15.7323689	3	15.7323689
CDY	87	2.47706422	3.429781228	3.535638673	3	2.47706422
HSFY	87	2.773465067	2.731122089	3.112208892	3	3.112208892
BPY	87	2.29	2.41	2.52	3	2.29
PRY	87	2.12	2.15	2	3	2
VCY	87	2.613908873	2.709832134	2.757793765	3	2.613908873
DAZ	87	3.98	4.12	3.91	3	4.12
XKRY	87	1.91	1.89	1.83	3	1.83
RBMY	87	9.442484121	9.400141143	9.103740296	3	9.103740296
TSPY	87	27.78	27.88	28.56	3	28.56
VCY	88	2.518950437	2.951895044	2.221574344	3	2.951895044
PRY	88	1.8	2.24	2.2	3	1.8
XKRY	88	2.219626168	2.219626168	2.051401869	3	2.051401869
CDY	88	3.644859813	3.878504673	3.696261682	3	3.878504673
RBMY	88	10.56074766	10.04672897	10.37383178	3	10.04672897
TSPY	88	26.44859813	27.14953271	25.88785047	3	27.14953271
DAZ	88	3.56	3.65	3.72	3	3.56
BPY	88	3	2.943925234	2.88317757	3	2.88317757
HSFY	88	2.112149533	2.112149533	2.126168224	3	2.126168224
HSFY	89	2.08	2.29	2.38	3	2.08
CDY	89	2.81	2.83	3.11	3	3.11
TSPY	89	29.48	27.2	30.05	3	27.2
PRY	89	1.59	1.66	1.7	3	1.59
XKRY	89	2.14	2.02	2.02	3	2.14
VCY	89	2.890339426	2.847258486	2.729765013	3	2.729765013
BPY	89	3.36	3.53	3.53	3	3.36
DAZ	89	3.22	3.32	3.4	3	3.22
RBMY	89	11.57	11.42	NA	2	NA
HSFY	90	2.202957675	1.927587965	2.080571137	3	1.927587965
DAZ	90	3.99	4.1	4.44	3	4.44
CDY	90	3.931667517	3.579806221	3.962264151	3	3.579806221
BPY	90	3.136155023	2.952575217	3.227944926	3	2.952575217
PRY	90	1.96	2.01	2.13	3	2.13
RBMY	90	9.270780214	8.658847527	8.995410505	3	8.658847527
VCY	90	2.198339033	2.271617	2.330239375	3	2.198339033
XKRY	90	2.095869454	2.034676186	1.988781234	3	2.095869454
TSPY	90	35.04844467	35.26262111	34.83426823	3	34.83426823
DAZ	91	4.05	4.16	4.72	3	4.72
HSFY	91	1.912408759	1.927007299	2.072992701	3	2.072992701
VCY	91	2.3	2.16	2.16	3	2.3
XKRY	91	1.69	1.74	1.8	3	1.8
PRY	91	1.95	2.05	2.05	3	1.95
RBMY	91	8.773722628	8.96350365	8.525547445	3	8.525547445
CDY	91	3.518248175	3.576642336	3.503649635	3	3.576642336
TSPY	91	30.04	29.85	29.52	3	29.52
BPY	91	2.73	2.73	2.77	3	2.77
CDY	92	3.789954338	5.502283105	5.593607306	3	3.789954338
XKRY	92	1.910958904	2.283105023	2.127853881	3	1.910958904
BPY	92	3.06	3.401826484	3.630136986	3	3.06
RBMY	92	14.24657534	14.61187215	15.38812785	3	15.38812785
HSFY	92	2.191780822	2.328767123	2.351598174	3	2.191780822
VCY	92	2.174248265	2.229760987	2.33616037	3	2.33616037
DAZ	92	9.692923899	10.13351135	10.41388518	3	9.692923899
PRY	92	2.1	2.15	2.22	3	2.22
TSPY	92	33.01369863	33.21917808	33.21917808	3	33.01369863
PRY	93	2.26	2.05	2.26	3	2.05
CDY	93	4.678362573	4.346978558	4.795321637	3	4.346978558
BPY	93	3.528265107	3.547758285	3.820662768	3	3.820662768
VCY	93	2.769230769	2.607692308	2.769230769	3	2.607692308
XKRY	93	2.202729045	2.144249513	2.261208577	3	2.261208577
HSFY	93	2.16374269	2.261208577	2.16374269	3	2.261208577
RBMY	93	13.97660819	13.37231969	13.97660819	3	13.37231969
TSPY	93	25.80896686	26.5497076	26.78362573	3	25.80896686
DAZ	93	6.09	NA	6.14	2	NA
CDY	94	4.093959732	5.067114094	4.697986577	3	4.093959732
HSFY	94	1.869127517	2.030201342	2.030201342	3	1.869127517
VCY	94	3.059405941	2.792079208	2.892326733	3	3.059405941
BPY	94	5.84	6.14	5.74	3	6.14
XKRY	94	2.07	2.08	2.19	3	2.19
DAZ	94	6.42	6.76	6.57	3	6.76
PRY	94	2.35	2.39	2.47	3	2.47
TSPY	94	31.14	29.93	29.8	3	31.14
RBMY	94	11.51006711	11.84563758	11.94630872	3	11.51006711
PRY	95	2.13	1.95	1.91	3	2.13
BPY	95	3.056954669	2.847733437	3.149941883	3	2.847733437
HSFY	95	1.882991089	1.952731499	1.999225107	3	1.882991089
VCY	95	2.183864916	2.195121951	2.09380863	3	2.09380863
XKRY	95	1.848120883	1.790003874	1.871367687	3	1.790003874
CDY	95	3.870592793	3.986826811	3.986826811	3	3.870592793
DAZ	95	3.56	3.58	3.66	3	3.66
RBMY	95	11.0887253	10.79814026	10.89112747	3	11.0887253
TSPY	95	36.03254552	35.56760945	35.10267338	3	36.03254552
HSFY	96	2.71	1.91	2.6	3	1.91
CDY	96	4.14	5.18	5.18	3	4.14
BPY	96	3.3	3.58	3.49	3	3.3
VCY	96	2.171945701	2.055591467	NA	2	NA
TSPY	96	36.44	34.29	36.9	3	34.29
PRY	96	1.74	1.67	1.69	3	1.74
RBMY	96	12.45	12.04	12.26	3	12.04
DAZ	96	3.65	3.67	3.76	3	3.76
XKRY	96	2.2	2.2	2.2	3	NA
VCY	97	1.339924991	1.769519264	1.892260484	3	1.339924991
HSFY	97	1.95	2.02	2.11	3	2.11
PRY	97	1.81	1.77	1.68	3	1.68
TSPY	97	32.69	32.31	33.27	3	33.27
CDY	97	3.88	3.99	3.96	3	3.88
RBMY	97	9.47	9.4	9.66	3	9.66
XKRY	97	2.04	2.05	2	3	2
DAZ	97	3.8	3.89	3.85	3	3.8
BPY	97	3.06	3.09	3.13	3	3.13
HSFY	98	1.61733396	2.027498203	2.076784826	3	1.61733396
VCY	98	2.131934033	2.247676162	2.321364318	3	2.131934033
XKRY	98	1.844260355	1.928076923	1.948639054	3	1.844260355
PRY	98	1.985	1.9	1.9	3	1.985
BPY	98	2.705	2.594349113	2.68204142	3	2.594349113
CDY	98	3.632223636	3.673782005	3.736382238	3	3.736382238
TSPY	98	30.26931953	29.46301775	29.68615385	3	30.26931953
RBMY	98	8.468630758	8.5569181	8.393366698	3	8.5569181
DAZ	98	3.775	3.76	3.82	3	3.82
VCY	99	2.859731787	3.185936934	3.185936934	3	2.859731787
CDY	99	4.939285714	4.617857143	4.928571429	3	4.617857143
BPY	99	2.903571429	2.839285714	2.775	3	2.903571429
XKRY	99	1.917857143	1.971428571	2.003571429	3	1.917857143
TSPY	99	34.82142857	35.03571429	36.21428571	3	36.21428571
RBMY	99	8.721428571	9.053571429	8.935714286	3	8.721428571
PRY	99	2.66	2.73	2.76	3	2.66
DAZ	99	4.87	4.77	4.85	3	4.77
HSFY	99	2.260714286	2.282142857	2.271428571	3	2.282142857
HSFY	100	1.540605096	1.85111465	1.958598726	3	1.540605096
CDY	100	4.66	4.23	4.57	3	4.23
BPY	100	5.7	5.34	5.67	3	5.34
VCY	100	1.509803922	1.529411765	1.441176471	3	1.441176471
DAZ	100	2.97	3.15	3.1	3	2.97
TSPY	100	24.45	25.06	25.39	3	24.45
PRY	100	1.54	1.54	1.49	3	1.49
XKRY	100	1.73	1.77	1.78	3	1.73
RBMY	100	8.98089172	8.968949045	9.00477707	3	9.00477707